5
1
24
5
4617
0
3.1
7.5
4.5
8
11
7.05
16
2
16
18
0
3475686046
-2.98127345266891
7.6
6.5
1.5
6
5
2.05
14
3
27
24
5187
9760113212387340
0
1.2
1.5
5.5
13
11
9.05
17
8
22
0
121060824
503316485
-1.71859226707901
5.8
2.5
7.5
10
11
4.05
11
1
19
0
7
3602177085
-2.69547602954752
4.8
3.5
7.5
7
13
7.05
10
4
1
42
29
115966796892
-0.101349990776284
7.1
7.5
9.5
12
14
1.05
12
4
9
0
32808
57703012469014188
-0.878410461157882
0.2
4.5
6.5
9
12
4.05
19
6
29
20
0
12013
0
0.6
2.5
4.5
10
13
8.05
13
4
6
12
110
22
0.151185789203691
2.4
5.5
9.5
5
5
4.05
19
3
8
54
4
216243896484382
-3.1
5.5
5.5
3.5
6
6
4.05
19
4
12
0
2049
45
-12.6110356427757
6.2
4.5
3.5
13
5
8.05
13
2
37
0
378
6
-4.09302907462272
3
4.5
5.5
11
5
5.05
14
4
29
54
5123
3011499
-0.252619427751734
7.4
0.5
9.5
14
7
7.05
10
8
7
8
6718466
1535279
0
3.6
4.5
7.5
9
11
3.05
16
6
1
0
7
104636361633
1.00623058987491
6
7.5
4.5
10
12
0.05
12
3
13
12
2
120749134176
0.407407407407408
3.7
6.5
2.5
8
8
6.05
11
5
16
30
8
25522
-9.2910545237497
0.7
6.5
6.5
10
5
0.05
17
2
25
44
2
16
-1.20574514535333
7
6.5
6.5
8
8
0.05
10
2
19
15
32768
1755907
-1.26791560764484
1.3
8.5
1.5
12
10
0.05
11
6
0
6
9765628
1132
-0.136406931731615
6.8
2.5
5.5
8
12
3.05
12
1
1
0
781252
49
1.97948663722157
4.6
1.5
3.5
7
7
0.05
11
5
4
24
3294173
75138416234
-1.82137746792955
2.2
5.5
6.5
11
10
5.05
16
2
36
72
0
2929687513
0.0604549002288975
3.1
7.5
7.5
12
12
9.05
19
2
14
48
8
289985578495549
1.3
3
8.5
4.5
11
9
9.05
13
7
1
6
4
9459597324
5.05238855503466
6.9
6.5
4.5
12
12
8.05
13
3
21
0
0
359390
-1.97182560477916
2.4
8.5
5.5
9
10
6.05
13
5
1
20
729
104992
-3.24550378371036
4.9
9.5
2.5
10
5
4.05
17
4
5
18
7909306973
269
-0.983480943621104
7
9.5
2.5
5
8
2.05
12
5
1
6
0
512172
-1.53206469257085
0.9
2.5
5.5
5
9
0.05
12
4
0
32
20483
11793470131634699
-0.0532757846907309
4.7
0.5
6.5
11
14
5.05
13
4
28
27
1
167503724560
-13.541897651273
1.3
5.5
2.5
12
7
5.05
19
7
12
30
769
229394
-8.99070549171458
6.7
0.5
1.5
8
8
5.05
17
0
0
15
39368
1.5162631954118e+18
-0.909774436090227
6.7
1.5
6.5
6
6
8.05
10
7
0
0
390627
653456167
-0.164021164021164
3.8
0.5
1.5
11
8
2.05
15
8
28
0
76
4518391845
-2.27839312438387
3.6
2.5
0.5
10
9
4.05
10
6
12
44
8
5314410000000007
0.282842712474619
0.6
1.5
3.5
10
13
6.05
14
6
1
6
161414429
38
-3.37555980918072
2.7
2.5
7.5
12
10
1.05
18
4
1
48
103
18
4.06126198178118
3.7
1.5
5.5
8
13
8.05
14
2
5
7
251
1873
1.51185789203691
5
6.5
3.5
8
6
1.05
19
2
2
0
3
6835937517
0
4.4
1.5
3.5
12
7
7.05
12
7
10
60
2
244
-11.3076923076923
5.2
1.5
2.5
5
12
6.05
16
7
5
66
2
4273613247336
-0.538227358380067
0
3.5
9.5
5
12
4.05
11
3
1
11
1298
1937102448
0.010989010989011
4.6
7.5
8.5
7
7
7.05
15
0
5
26
4
1178847286
-0.0637994898222668
0.9
4.5
4.5
8
12
3.05
15
6
6
6
502
10948612
-2.15766927997459
7.9
2.5
5
26
4
1178847286
-0.0637994898222668
0.9
4.5
4.5
8
12
3.05
15
6
6
6
502
10948612
-2.15766927997459
7.9
2.5
2.5
13
13
8.05
11
1
6
60
0
926747329
-3.23650391996189
5
5.5
5.5
6
9
4.05
10
5
1
44
93315
7690
-0.333333333333333
3.6
6.5
8.5
14
6
8.05
19
3
1
24
4
614661
0
0.1
3.5
4.5
5
10
5.05
10
5
6
11
352948
6773
-0.992926039287276
1.2
4.5
3.5
10
12
3.05
15
3
0
27
236199
32
-1.43506493506493
6.5
1.5
4.5
10
12
2.05
14
2
24
55
28824005
54
-0.575
6.4
4.5
5.5
11
9
1.05
14
4
28
26
5185
69198046891
-2.2714464401287
7.3
9.5
4.5
7
13
8.05
15
4
7
14
9377
821236327904801479
3.63771975962496
5.8
7.5
6.5
7
12
3.05
18
4
25
24
4803
12400290000000016
-2.10232486882119
2.1
1.5
5.5
7
13
3.05
16
3
19
0
3
46367859710342
-0.632784850218987
2.3
3.5
9.5
9
9
9.05
14
7
7
0
0
22548578308
-0.627450980392156
5.6
0.5
0.5
13
5
7.05
19
4
12
0
64
5
-1.74110112659225
0.3
4.5
2.5
8
7
2.05
10
3
0
40
8
3712930
-1.42105263157895
7
6.5
5.5
14
6
5.05
19
6
0
40
198
11102047726815241
-1.31957687990722
4.4
5.5
0.5
8
12
1.05
12
3
4
28
8
590503
-0.324796407109371
6.7
0.5
0.5
6
8
8.05
14
2
1
8
279940
2.60682724907227e+18
0
5.6
1.5
3.5
11
12
7.05
17
0
10
24
7
1503396
-3.06547619047619
4.3
4.5
8.5
8
13
5.05
11
5
21
0
13125
3030
-0.3614031611621
7.7
3.5
7.5
9
5
4.05
10
3
13
40
7
98001631
-1.22600529432472
4.2
6.5
7.5
11
5
4.05
10
3
36
60
246
14415
-3.34353187662009
5
4.5
0.5
12
10
4.05
14
5
1
55
4
24805
-3.56193393129944
0
7.5
3.5
10
11
9.05
19
7
16
35
13
1898637542673
-0.333333333333334
2.3
8.5
2.5
12
5
2.05
19
0
7
0
1171877
2345788
-8.80952380952381
7.1
1.5
8.5
9
6
3.05
10
4
17
4
839811
7596137918347269
0
3.3
4.5
9.5
8
11
9.05
14
5
3
84
4
3256789568
-8.62927637447801
4.3
4.5
0.5
6
5
1.05
19
1
11
0
0
43336
-3.1943828249997
1.4
0.5
0.5
13
7
0.05
10
3
1
15
6
245452205829631
-1.10679718105893
2.2
0.5
6.5
10
8
8.05
12
8
24
42
39062503
5125781256
-3.61254008996503
6.7
4.5
1.5
10
7
9.05
11
4
1
24
9378
909
0.294195642490474
4.9
5.5
4.5
14
5
7.05
11
6
28
0
6
204073357
-1.96294329119424
5.3
9.5
6.5
8
8
1.05
17
5
37
48
2596
4111126670
